20190928
20190929
20190930
20191001
20191002
20191003
20191004
20191005
20191006
20191007
20191008
20191009
20191010
20191011
20191012
20191013
20191014
20191015
20191016
20191017
20191018
20191019
20191020
20191021
20191022
20191023
20191024
20191025
20191026
20191027
20191028
20191029
20191030
20191031
20191101
20191102
20191103
20191104
20191105
20191106
20191107
20191108
20191109
20191110
20191111
20191112
20191113
20191114
20191115
20191116
20191117
20191118
20191119
20191120
20191121
20191122
20191123
20191124
20191125
20191126
20191127
20191128
20191129
20191130
20191201
20191202
20191203
20191204
20191205
20191206
20191207
20191208
20191209
20191210
20191211
20191212
20191213
20191214
20191215
20191216
20191217
20191218
20191219
20191220
20191221
20191222
20191223
20191224
20191225
20191226
20191227
20191228
20191229
20191230
20191231
20200101
20200102
20200103
20200104
20200105
20200106
20200107
20200108
20200109
20200110
20200111
20200112
20200113
20200114
20200115
20200116
20200117
20200118
20200119
